0,572
0,571
0,274
0,570
29,2
33,106
33,105
33,104
33,103
33,102
33,101
33,100
33,99
33,98
33,97
33,96
34,2
35,2
0,460
0,569
0,568
44,4
0,567
0,419
0,418
0,411
0,410
0,407
0,405
0,566
33,95
33,94
33,93
33,92
33,91
33,90
33,89
33,88
33,87
35,7
0,269
0,507
0,505
0,504
0,524
0,565
0,534
0,500
0,523
33,80
33,79
33,78
33,77
33,76
33,75
33,74
33,73
33,72
31,3
0,499
34,5
35,4
0,564
0,563
0,436
0,435
0,432
0,431
33,86
0,427
0,426
0,562
0,531
33,85
0,417
0,412
0,406
0,561
0,560
33,84
33,83
33,82
23,52
23,51
23,50
23,49
23,48
23,47
23,46
23,45
23,44
23,43
23,42
23,41
23,40
23,39
23,38
23,37
23,36
24,5
27,4
26,4
35,6
32,4
31,6
30,4
26,3
32,3
0,559
0,558
0,557
33,71
0,456
0,455
0,543
0,549
0,452
0,451
0,448
0,447
0,446
0,445
0,442
0,441
0,439
0,430
0,423
0,422
0,409
0,408
0,404
0,548
0,401
0,400
0,538
0,470
0,469
0,468
0,547
0,467
0,466
0,546
0,556
0,555
0,544
0,554
0,553
0,471
0,552
0,286
0,285
33,6
0,465
0,551
0,545
0,463
0,462
0,461
0,459
0,458
0,457
0,1
0,550
0,502
0,453
0,450
0,449
0,522
0,520
0,498
0,444
0,443
0,533
0,440
29,4
0,542
0,438
0,437
0,494
0,434
0,433
0,429
0,428
28,3
27,3
29,3
0,532
0,386
0,425
0,424
0,518
0,421
0,420
0,416
0,415
0,414
0,413
0,541
0,479
34,3
34,4
35,3
25,5
0,477
0,516
0,514
0,476
0,475
0,403
0,402
0,513
0,472
28,4
28,5
35,5
31,5
25,3
25,4
24,3
24,4
0,396
0,384
0,399
0,388
0,540
0,385
33,5
33,1
33,81
33,2
33,0
0,539
33,3
33,4
0,398
0,397
0,537
76,5
76,4
76,3
76,2
76,1
76,0
0,395
0,394
0,392
